1,12cm单装炮,130,1,0,1,0,0,1,0,0,0,0,1,0,1#2#3#5#7#8#12#16
2,12.7cm连装炮,130,1,0,2,0,0,2,0,0,0,0,1,0,1#2#3#5#7#8#12#16
3,10cm连装高角炮,130,1,0,2,0,0,7,0,0,0,0,1,0,1#2#3#5#7#8#12#16
4,14cm单装炮,130,2,0,2,0,0,0,0,0,1,0,2,0,2#3#4#5#6#7#9#11
5,15.5cm三连装炮,130,2,0,7,0,0,4,0,0,1,0,2,0,2#3#4#5#6#7#9#11
6,20.3cm连装炮,130,2,0,8,0,0,3,0,0,0,0,2,0,2#3#4#5#6#7#9#11
7,35.6cm连装炮,130,3,0,15,0,0,4,0,0,0,0,3,0,9#10#11
8,41cm连装炮,130,2,0,20,0,0,4,0,0,0,0,3,0,9#10#11
9,46cm三连装炮,130,2,0,26,0,0,5,0,0,0,0,4,0,9#10#11
10,12.7cm连装高角炮,130,1,0,2,0,0,4,0,0,0,0,1,0,2#3#4#5#6#8#9#10#11#12#13#14#15#16#19
11,15.2cm单装炮,130,4,0,2,0,0,0,0,0,1,0,2,0,2#3#4#5#6#8#9#10#11#12#13#14#15#16#19
12,15.5cm三连装副炮,130,2,0,7,0,0,3,0,0,2,0,2,0,2#3#4#5#6#7#9#11
13,61cm三连装鱼雷,130,5,0,0,5,0,0,0,0,0,0,1,0,1#2#3#4#5#6#17#18
14,61cm四连装鱼雷,130,5,0,0,7,0,0,0,0,0,0,1,0,1#2#3#4#5#6#17#18
15,61cm四连装(酸素)鱼雷,130,5,0,0,10,0,0,0,0,0,0,1,0,1#2#3#4#5#6#17#18
16,九七式舰攻,130,10,0,0,5,0,0,4,1,0,0,5,0,7#13#14#15
17,天山,130,10,0,0,7,0,0,3,1,0,0,5,0,7#13#14#15
18,流星,130,10,0,0,10,0,0,4,1,0,0,5,0,7#13#14#15
19,九六式舰战,130,8,0,0,0,0,2,0,0,0,0,5,0,8#13#14#15
20,零式舰战21型,130,8,0,0,0,0,5,0,0,0,0,5,0,8#13#14#15
21,零式舰战52型,130,8,0,0,0,0,6,0,0,0,0,5,0,8#13#14#15
22,烈风,130,8,0,0,0,0,10,0,0,0,0,5,0,8#13#14#15
23,九九式舰爆,130,9,0,0,0,5,0,3,0,0,0,5,0,13#14#15
24,彗星,130,9,0,0,0,8,0,3,0,0,0,5,0,13#14#15
25,零式水上侦察机,130,11,0,0,0,1,1,2,5,1,0,5,0,2#4#5#6#7#9#10#11#16#18#19
26,瑞云,130,12,0,0,0,4,2,4,6,1,0,5,0,6#7#11#16#18
27,13号对空电探,130,6,0,0,0,0,2,0,3,1,0,5,0,1#2#3#4#5#6#7#8#9#10#11#12#13#14#15#16#19
28,22号对水上电探,130,6,0,0,0,0,0,0,5,3,0,5,0,1#2#3#4#5#6#7#8#9#10#11#12#13#14#15#16#19
29,33号对水上电探,130,6,0,0,0,0,0,0,7,5,0,5,0,1#2#3#4#5#6#7#8#9#10#11#12#13#14#15#16#19
30,21号对空电探,130,6,0,0,0,0,4,0,4,2,0,5,0,2#3#4#5#6#9#10#11#13#14#15#16
31,32号对水上电探,130,6,0,0,0,0,0,0,10,8,0,5,0,2#3#4#5#6#9#10#11#13#14#15#16
32,14号对空电探,130,6,0,0,0,0,4,0,5,4,0,5,0,2#3#4#5#6#9#10#11#13#14#15#16